6.380209750034697702e-01
6.682423616600675631e-01
6.762136568884661303e-01
6.804362916715626097e-01
6.812990997055974329e-01
6.800706864113428285e-01
6.795470869239372824e-01
6.807956463884082821e-01
6.799465679270246810e-01
6.799579186840725153e-01
6.796453099639577777e-01
6.815604439486520061e-01
6.824311279842237843e-01
6.809276481972464934e-01
6.812073891054580832e-01
6.820161215467233085e-01
6.827266725780177792e-01
6.826897619024462349e-01
6.824211558342334616e-01
6.822277080497898272e-01
6.833847101641873367e-01
6.828885910587353392e-01
6.815557632753410644e-01
6.827327570450101302e-01
6.824553534333065441e-01
6.834094621801412028e-01
6.830179731480150451e-01
6.832746192979350930e-01
6.827487154008733405e-01
6.824508239241207086e-01
6.831669024318700600e-01
6.826730864933863163e-01
6.826475238675779877e-01
6.830777299776951139e-01
6.830336151066238592e-01
6.822258662751425895e-01
6.825144472889108638e-01
6.816859341830525665e-01
6.834688566109180519e-01
6.823148010208459624e-01
6.825360218846611149e-01
6.831396539000016421e-01
6.829150359708696660e-01
6.824323870935106173e-01
6.835289730878348902e-01
6.822321521019811819e-01
6.828293647680900857e-01
6.825502813750030651e-01
6.826460994585893394e-01
6.824737998281764639e-01
6.822014791656587640e-01
6.830741520125033217e-01
6.837807986067021560e-01
6.832518715380911933e-01
6.826723072614051535e-01
6.819294984448959207e-01
6.828412773310916783e-01
6.835403606817070932e-01
6.828985522686326082e-01
6.823684089412817011e-01
6.831178051140089913e-01
6.823099383603079549e-01
6.821722756857669934e-01
6.817779252312561322e-01
6.836769515599941949e-01
6.824164464681430342e-01
6.833014927377295544e-01
6.825876988675819712e-01
6.824844353960595189e-01
6.826824250278060724e-01
6.821035564345205859e-01
6.830736185442752850e-01
6.826891322812302931e-01
6.831742049328710653e-01
6.833060747061038276e-01
6.828562571588773222e-01
6.829765861103628266e-01
6.828456727853038366e-01
6.832146653912445355e-01
6.824901505406011371e-01
6.825669670806211453e-01
6.835672953460789625e-01
6.829249786070186179e-01
6.819636669961356423e-01
6.825408312649489107e-01
6.832482312165882865e-01
6.827767805341279361e-01
6.826594660553750860e-01
6.836205359634319745e-01
6.824860774307932587e-01
6.825243184926876872e-01
6.830256299482559967e-01
6.830577450240625792e-01
6.821254194004714444e-01
6.820640811392910674e-01
6.829710075505527334e-01
6.825733860082263682e-01
6.824971668017238979e-01
6.823242411893957193e-01
6.820349930074794953e-01
