9.469580988074449701e-01
9.158047305410332850e-01
9.059393133854386493e-01
8.996253552182965629e-01
8.952865724410925541e-01
8.920691281401746942e-01
8.898743282523691178e-01
8.881804510141075859e-01
8.865007385112240179e-01
8.854236433245047388e-01
8.849918290872851312e-01
8.840983488714171390e-01
8.823442072097880118e-01
8.818769772285325326e-01
8.816754542130280647e-01
8.810968048654203022e-01
8.805547656182113325e-01
8.793987324454406451e-01
8.794103164284067242e-01
8.794236420830593426e-01
8.790976125095109062e-01
8.783369731166339456e-01
8.785797462078145381e-01
8.777788555497831879e-01
8.778718845309912977e-01
8.775286545570626373e-01
8.770458984756682730e-01
8.763133048212359277e-01
8.766329297580918167e-01
8.764654397964477539e-01
8.756451077942341010e-01
8.750726693349371033e-01
8.750636654608479059e-01
8.754282530039348975e-01
8.754838410368270818e-01
8.749503816407914192e-01
8.745142885845096359e-01
8.743051273425124226e-01
8.742730661904909439e-01
8.747651414114950841e-01
8.739476362583091795e-01
8.737919507458062895e-01
8.741726528018246567e-01
8.741235092604062729e-01
8.733071375274871206e-01
8.738249551202500465e-01
8.733789759257437613e-01
8.727977191966944659e-01
8.724396414971582470e-01
8.731202296552068587e-01
8.726592333078917463e-01
8.721334395662493355e-01
8.726485204270590934e-01
8.723066940692850713e-01
8.725164300323153821e-01
8.720656825327997019e-01
8.718433760700169399e-01
8.715595327822556193e-01
8.714013114760194023e-01
8.715732423387528849e-01
8.710257949575238579e-01
8.713163693982634017e-01
8.714032479168670742e-01
8.721409069231349509e-01
8.711771150622363846e-01
8.707773623986645450e-01
8.706393937565725105e-01
8.709442681193972913e-01
8.710541405832243900e-01
8.708071982958205393e-01
8.708431686781630265e-01
8.691092810121295864e-01
8.695591771371845580e-01
8.702364840883863861e-01
8.701093582102192858e-01
8.701214439506772536e-01
8.702296705185612602e-01
8.702167748117837220e-01
8.692315440522319081e-01
8.710575778361850929e-01
8.703907845806738708e-01
8.707240416057413501e-01
8.704408913384775737e-01
8.708200825521152932e-01
8.711655619467538747e-01
8.707249916185662020e-01
8.710402892493349647e-01
8.710075373402834664e-01
8.704731621053444224e-01
8.703365396050846137e-01
8.715407602705355083e-01
8.705051885064821748e-01
8.699316435888110322e-01
8.700686943504407633e-01
8.705733220744115153e-01
8.702038702286629679e-01
8.709742275752510032e-01
8.703960474089553756e-01
8.708059556743411589e-01
8.714964775921956175e-01
