5.792520825577066601e-01
5.931740971705137255e-01
5.981943410275503137e-01
6.012803657855547712e-01
6.040798934288905686e-01
6.060533786299330261e-01
6.075091330044676274e-01
6.087409251675354183e-01
6.097763868205510196e-01
6.115768103127326993e-01
6.110401735852568628e-01
6.110416278853313399e-01
6.125366483618763791e-01
6.123490436522710523e-01
6.129453066827996732e-01
6.133161532017870066e-01
6.134964864110200589e-01
6.137582604244229412e-01
6.139662253350707255e-01
6.142672654504840457e-01
6.144868647617274249e-01
6.147733618763960850e-01
6.147195527736410980e-01
6.152838212025316666e-01
6.150162299888309869e-01
6.149435149851080196e-01
6.153405389054356078e-01
6.158917186336559935e-01
6.159324390357409085e-01
6.169053657855547712e-01
6.164778015636633857e-01
6.177779458302308235e-01
6.178826554355919543e-01
6.175438035182427843e-01
6.178404807334325621e-01
6.178506608339537909e-01
6.189093912881608039e-01
6.188730337862993203e-01
6.185749022710349543e-01
6.188526735852568628e-01
6.189210256887565098e-01
6.193020523082650719e-01
6.189937406924794772e-01
6.190548212956068497e-01
6.189951949925539543e-01
6.193994904132539281e-01
6.191275362993298170e-01
6.204189547654505033e-01
6.207548980826508300e-01
6.191871626023827124e-01
6.205556589724496863e-01
6.202400758562919281e-01
6.204204090655249804e-01
6.196961676284438170e-01
6.205163928704393594e-01
6.211780994043186732e-01
6.211562849032017386e-01
6.211053844005957059e-01
6.212682660089352549e-01
6.208581533879374836e-01
6.212697203090097320e-01
6.214573250186150588e-01
6.219430612434847516e-01
6.208436103871928236e-01
6.212522687081161177e-01
6.214049702159344379e-01
6.215111341213700458e-01
6.216681985294117974e-01
6.212813547096053268e-01
6.217001931310498497e-01
6.216522012285926602e-01
6.227894638868205490e-01
6.223502652643335686e-01
6.217321877326880131e-01
6.221728406552494706e-01
6.220535880491436798e-01
6.219299725428145686e-01
6.221263030528667581e-01
6.234511704206999738e-01
6.215736690245718954e-01
6.221204858525688497e-01
6.216609270290394118e-01
6.217874511355174771e-01
6.219546956440804575e-01
6.214544164184661046e-01
6.212420886075948889e-01
6.211751908041697190e-01
6.208596076880119607e-01
6.218281715376023921e-01
6.214587793186895359e-01
6.221364831533879869e-01
6.220055961466864902e-01
6.223968028667162811e-01
6.224200716679076928e-01
6.223211792628443595e-01
6.220041418466120131e-01
6.219139752419955425e-01
6.215678518242739869e-01
6.218543489389426471e-01
6.223328136634400654e-01
