5.296023722491154384e-01
5.413947694242133846e-01
5.447959949498911714e-01
5.480596892374802742e-01
5.519003016861712130e-01
5.545067302522069808e-01
5.583396791990178354e-01
5.602849046196941574e-01
5.622286643896721170e-01
5.636095563622437465e-01
5.648513583775696123e-01
5.646752000787057524e-01
5.647295534011594897e-01
5.659635683004303752e-01
5.664858885625362328e-01
5.673384490691275595e-01
5.671084109341485435e-01
5.684478374132893030e-01
5.683068263934605291e-01
5.688409846018076532e-01
5.678972304644019919e-01
5.688413691028053609e-01
5.695000362880000555e-01
5.704406048056800405e-01
5.703735200220847457e-01
5.701191016456926830e-01
5.700179254129938977e-01
5.717443493725378190e-01
5.719852354197207944e-01
5.728270666908170661e-01
5.722163627042046175e-01
5.753201973566970384e-01
5.742369264097951786e-01
5.740950300302065656e-01
5.738780879299762994e-01
5.754075822263001738e-01
5.762054034337479314e-01
5.754327627033416492e-01
5.756491694713118390e-01
5.758954779767138099e-01
5.763148952466911057e-01
5.780152391561890202e-01
5.775810649766908167e-01
5.769931975466408014e-01
5.767596066996666382e-01
5.774362836413123867e-01
5.771863083407138273e-01
5.790810030250520546e-01
5.788126540712162926e-01
5.780507937373283722e-01
5.798071498690660075e-01
5.788959627686732778e-01
5.782482067840097884e-01
5.776189513621007299e-01
5.799018864922796945e-01
5.802851413291333360e-01
5.803355957178242264e-01
5.799072803464827564e-01
5.799534991549983864e-01
5.801910282690313503e-01
5.810512567267698270e-01
5.812699244436007051e-01
5.819624487979148109e-01
5.804862717772630853e-01
5.811438869382584693e-01
5.812627340175283708e-01
5.811537502753760798e-01
5.808342476656254139e-01
5.813554739517146075e-01
5.814639447854689225e-01
5.829822476551058674e-01
5.824349366256041938e-01
5.829994678941131658e-01
5.819754179231462210e-01
5.825179783115613796e-01
5.824797791571024730e-01
5.832865990681694868e-01
5.829478473314489984e-01
5.839250894264773617e-01
5.810058438680283377e-01
5.817182915519620856e-01
5.804737886983959427e-01
5.815091422264556664e-01
5.829560143106123915e-01
5.811695719466489773e-01
5.812284783671706201e-01
5.799599496601947068e-01
5.800789421450621708e-01
5.813111653100707654e-01
5.820910699959574996e-01
5.818533226015490945e-01
5.824713793514560978e-01
5.829135098744929744e-01
5.826437844993991311e-01
5.826902861969734948e-01
5.828928858463389151e-01
5.822745091930220385e-01
5.816606798015773183e-01
5.817496047389214553e-01
5.825890494165185673e-01
